126429221701689344
126429221710077952
126429221710077953
126429221710077954
126429221710077955
126429221710077956
126429221710077957
126429221710077958
126429221710077959
126429221710077960
126429221710077961
126429221710077962
126429221710077963
126429221710077964
126429221710077965
126429221710077966
126429221714272256
126429221714272257
126429221714272258
126429221714272259
126429221714272260
126429221714272261
126429221714272262
126429221714272263
126429221714272264
126429221714272265
126429221714272266
126429221714272267
126429221714272268
126429221714272269
126429221714272270
126429221714272271
126429221714272272
126429221714272273
126429221714272274
126429221714272275
126429221714272276
126429221714272277
126429221714272278
126429221714272279
126429221714272280
126429221714272281
126429221714272282
126429221714272283
126429221714272284
126429221714272285
126429221714272286
126429221714272287
126429221714272288
126429221714272289
126429221714272290
126429221714272291
126429221714272292
126429221714272293
126429221714272294
126429221714272295
126429221714272296
126429221714272297
126429221714272298
126429221714272299
126429221714272300
126429221714272301
126429221714272302
126429221714272303
126429221714272304
126429221714272305
126429221714272306
126429221714272307
126429221714272308
126429221714272309
126429221714272310
126429221714272311
126429221714272312
126429221714272313
126429221714272314
126429221714272315
126429221714272316
126429221714272317
126429221714272318
126429221714272319
126429221714272320
126429221714272321
126429221714272322
126429221714272323
126429221714272324
126429221714272325
126429221714272326
126429221714272327
126429221714272328
126429221714272329
126429221714272330
126429221714272331
126429221714272332
126429221714272333
126429221714272334
126429221714272335
126429221714272336
126429221714272337
126429221714272338
126429221714272339
126429221714272340
126429221714272341
126429221714272342
126429221714272343
126429221714272344
126429221714272345
126429221714272346
126429221714272347
126429221714272348
126429221714272349
126429221714272350
126429221714272351
126429221714272352
126429221714272353
126429221714272354
126429221714272355
126429221714272356
126429221714272357
126429221714272358
126429221714272359
126429221714272360
126429221714272361
126429221714272362
126429221714272363
126429221714272364
126429221714272365
126429221714272366
126429221714272367
126429221714272368
126429221714272369
126429221714272370
126429221714272371
126429221714272372
126429221714272373
126429221714272374
126429221714272375
126429221714272376
126429221714272377
126429221714272378
126429221714272379
126429221714272380
126429221714272381
126429221714272382
126429221714272383
126429221714272384
126429221714272385
126429221714272386
126429221714272387
126429221714272388
126429221714272389
126429221714272390
126429221714272391
126429221714272392
126429221718466560
126429221718466561
126429221718466562
126429221718466563
126429221718466564
126429221718466565
126429221718466566
126429221718466567
126429221718466568
126429221718466569
126429221718466570
126429221718466571
126429221718466572
126429221718466573
126429221718466574
126429221718466575
126429221718466576
126429221718466577
126429221718466578
126429221718466579
126429221718466580
126429221718466581
126429221718466582
126429221718466583
126429221718466584
126429221718466585
126429221718466586
126429221718466587
126429221718466588
126429221718466589
126429221718466590
126429221718466591
126429221718466592
126429221718466593
126429221718466594
126429221718466595
126429221718466596
126429221718466597
126429221718466598
126429221718466599
126429221718466600
126429221718466601
126429221718466602
126429221718466603
126429221718466604
126429221718466605
126429221718466606
126429221718466607
126429221718466608
126429221718466609
126429221718466610
126429221718466611
126429221718466612
126429221718466613
126429221718466614
126429221718466615
126429221718466616
126429221718466617
126429221718466618
126429221718466619
126429221718466620
126429221718466621
126429221718466622
126429221718466623
126429221718466624
126429221718466625
126429221718466626
126429221718466627
126429221718466628
126429221718466629
126429221718466630
126429221718466631
126429221718466632
126429221718466633
126429221718466634
126429221718466635
126429221718466636
126429221718466637
126429221718466638
126429221718466639
126429221718466640
126429221718466641
126429221718466642
126429221718466643
126429221718466644
126429221718466645
126429221718466646
126429221718466647
126429221718466648
126429221718466649
126429221718466650
126429221718466651
126429221718466652
126429221718466653
126429221718466654
126429221718466655
126429221718466656
126429221718466657
126429221718466658
126429221718466659
126429221718466660
126429221718466661
126429221718466662
126429221718466663
126429221718466664
126429221718466665
126429221718466666
126429221718466667
126429221718466668
126429221718466669
126429221718466670
126429221718466671
126429221718466672
126429221718466673
126429221718466674
126429221718466675
126429221718466676
126429221718466677
126429221718466678
126429221718466679
126429221718466680
126429221718466681
126429221718466682
126429221718466683
126429221718466684
126429221718466685
126429221718466686
126429221718466687
126429221718466688
126429221718466689
126429221718466690
126429221718466691
126429221718466692
126429221718466693
126429221718466694
126429221718466695
126429221718466696
126429221718466697
126429221718466698
126429221718466699
126429221718466700
126429221718466701
126429221718466702
126429221718466703
126429221718466704
126429221718466705
126429221718466706
126429221718466707
126429221718466708
126429221718466709
126429221718466710
126429221718466711
126429221718466712
126429221718466713
126429221718466714
126429221718466715
126429221718466716
126429221718466717
126429221718466718
126429221718466719
126429221718466720
126429221718466721
126429221718466722
126429221718466723
126429221718466724
126429221718466725
126429221718466726
126429221718466727
126429221718466728
126429221718466729
126429221718466730
126429221718466731
126429221718466732
126429221718466733
126429221718466734
126429221718466735
126429221718466736
126429221718466737
126429221718466738
126429221718466739
126429221718466740
126429221718466741
126429221718466742
126429221718466743
126429221718466744
126429221718466745
126429221718466746
126429221718466747
126429221718466748
126429221718466749
126429221718466750
126429221718466751
126429221718466752
126429221718466753
126429221722660864
126429221722660865
126429221722660866
126429221722660867
126429221722660868
126429221722660869
126429221722660870
126429221722660871
126429221722660872
126429221722660873
126429221722660874
126429221722660875
126429221722660876
126429221722660877
126429221722660878
126429221722660879
126429221722660880
126429221722660881
126429221722660882
126429221722660883
126429221722660884
126429221722660885
126429221722660886
126429221722660887
126429221722660888
126429221722660889
126429221722660890
126429221722660891
126429221722660892
126429221722660893
126429221722660894
126429221722660895
126429221722660896
126429221722660897
126429221722660898
126429221722660899
126429221722660900
126429221722660901
126429221722660902
126429221722660903
126429221722660904
126429221722660905
126429221722660906
126429221722660907
126429221722660908
126429221722660909
126429221722660910
126429221722660911
126429221722660912
126429221722660913
126429221722660914
126429221722660915
126429221722660916
126429221722660917
126429221722660918
126429221722660919
126429221722660920
126429221722660921
126429221722660922
126429221722660923
126429221722660924
126429221722660925
126429221722660926
126429221722660927
126429221722660928
126429221722660929
126429221722660930
126429221722660931
126429221722660932
126429221722660933
126429221722660934
126429221722660935
126429221722660936
126429221722660937
126429221722660938
126429221722660939
126429221722660940
126429221722660941
126429221722660942
126429221722660943
126429221722660944
126429221722660945
126429221722660946
126429221722660947
126429221722660948
126429221722660949
126429221722660950
126429221722660951
126429221722660952
126429221722660953
126429221722660954
126429221722660955
126429221722660956
126429221722660957
126429221722660958
126429221722660959
126429221722660960
126429221722660961
126429221722660962
126429221722660963
126429221722660964
126429221722660965
126429221722660966
126429221722660967
126429221722660968
126429221722660969
126429221722660970
126429221722660971
126429221722660972
126429221722660973
126429221722660974
126429221722660975
126429221722660976
126429221722660977
126429221722660978
126429221722660979
126429221722660980
126429221722660981
126429221722660982
126429221722660983
126429221722660984
126429221722660985
126429221722660986
126429221722660987
126429221722660988
126429221722660989
126429221722660990
126429221722660991
126429221722660992
126429221722660993
126429221722660994
126429221722660995
126429221722660996
126429221722660997
126429221722660998
126429221722660999
126429221722661000
126429221722661001
126429221722661002
126429221722661003
126429221722661004
126429221722661005
126429221722661006
126429221722661007
126429221722661008
126429221722661009
126429221722661010
126429221722661011
126429221722661012
126429221722661013
126429221722661014
126429221722661015
126429221722661016